9377060606
5133163440
4917937384
3305234392
7333723750
9338557368
8137986330
8445617919
3365754685
7115939586

0305417949
0709955285
2291450572

7501412204
2811517970
9093326426
4528211264
5136979804
0436063460

9961233859
0247841932
5445088775
6634536197
9548726563
4325020771
1827161037
9247252866
3069757813
1725817460
5791897620
7576579591
2454845689
9521812271

8348022914
9997249332
0722509843
4899486448
1947635107
7647514047
1363313001
1588938392
6001278602
9410082751
4826695306
5600940526
9686162841
4200834152
3153257133
6377822226
4881286396
9195363433
8380972037
5869386660
5031390484
7320883638
6325918004
2705522209
0912579934
5927097897
2010712272
3416679798
1305513466
9415183803

7386180788
9134416952
0239100143
6576996660
6365117884
0223621254
4587380241
8617482785
9187110763
0669346348
8945594242
6974582447
1650027308
8525445437
6662893783
3826468277
9499395472
5860770301
2191281685
2783841529
8512432711
5545417863
9824777106
0512261724
7202673486
6310615110
3935829949
8094600083
3690806983
6734870635
5508160861

